0.90791744 0.016582442 0.07550003
0.6026252 0.021841124 0.37553367
0.9130331 0.003054924 0.08391189
0.6762149 0.014505668 0.3092795
0.85441816 0.023851987 0.121729836
0.701586 0.037387367 0.2610266
0.32401618 0.0076277712 0.66835606
0.39244318 0.01177031 0.5957865
0.7442442 0.052546196 0.20320965
0.75187814 0.020206807 0.22791505
0.91205037 0.017410198 0.07053935
0.82829636 0.02798383 0.1437198
0.91941476 0.010739841 0.06984536
0.85196644 0.035630826 0.1124028
0.45578894 0.047725618 0.49648544
0.72111434 0.019738136 0.25914747
0.72111434 0.019738136 0.25914747
0.5360784 0.042756323 0.4211653
0.56141025 0.050892595 0.3876971
0.78522986 0.026148057 0.18862206
0.51371956 0.029275114 0.45700535
0.3606153 0.013670528 0.6257141
0.09959345 0.009090461 0.8913161
0.9764687 0.0067173303 0.01681403
0.52489096 0.040744554 0.4343645
0.90101093 0.00839555 0.090593636
0.9644913 0.00794441 0.027564337
0.8304524 0.009955749 0.1595918
0.8845519 0.017393889 0.09805428
0.89724344 0.025061442 0.07769517
0.50125736 0.08509107 0.4136516
0.90123725 0.029494312 0.06926842
0.959907 0.02001971 0.020073287
0.9412675 0.010519305 0.04821322
0.8641403 0.02950188 0.10635792
0.18147567 0.01704881 0.80147547
0.96493226 0.010556924 0.024510834
0.87930965 0.023666557 0.09702374
0.87094283 0.023970306 0.10508685
0.9767097 0.0026641574 0.020626191
0.7633741 0.046997156 0.1896287
0.9682085 0.008066253 0.023725282
0.8054634 0.03763168 0.15690492
0.9235586 0.006908646 0.06953267
0.9363899 0.020933397 0.042676717
0.8619557 0.010498311 0.12754603
0.1017099 0.14388855 0.75440156
0.22119482 0.12558526 0.65321994
0.22119482 0.12558526 0.65321994
0.7358455 0.034393378 0.22976112
0.54015636 0.115070134 0.34477353
0.43614298 0.031651475 0.53220546
0.897141 0.015270315 0.08758874
0.89756364 0.015467911 0.08696847
0.31505725 0.056401398 0.6285413
0.54877996 0.015790602 0.43542945
0.71760654 0.02651469 0.25587878
0.83198756 0.015993705 0.15201879
0.0034910683 0.007957579 0.9885514
0.028479291 0.01496891 0.9565518
0.8992189 0.0029662736 0.09781476
0.8238009 0.009019512 0.16717961
0.9505073 0.008457695 0.04103494
0.89349204 0.026980743 0.079527274
0.893188 0.033710055 0.07310198
0.9302091 0.008571556 0.061219364
0.2696588 0.037949845 0.69239134
0.09784551 0.050718747 0.8514357
0.8743567 0.03458195 0.09106134
0.7760329 0.02935684 0.19461022
0.8806481 0.007784427 0.111567415
0.5527301 0.008284398 0.43898544
0.89898133 0.022723142 0.078295544
0.8797288 0.01566352 0.104607634
0.888592 0.0048854616 0.10652259
0.9554699 0.00556911 0.03896109
0.8256133 0.003702897 0.17068382
0.7070803 0.07258462 0.22033504
0.39578605 0.042062726 0.56215125
0.07142053 0.071290776 0.8572887
0.9188491 0.0064153713 0.074735485
0.27674642 0.047163397 0.6760901
0.9024858 0.005377099 0.092137136
0.9638848 0.0024808254 0.033634484
0.5971359 0.06835924 0.3345048
0.5325488 0.053462736 0.41398844
0.9926202 0.0018819778 0.0054977555
0.99068624 0.0042257705 0.0050879973
0.8008583 0.012433912 0.18670782
0.76843864 0.014208098 0.21735321
0.89702404 0.016010577 0.0869655
0.936641 0.0095211705 0.05383785
0.9835495 0.0059091696 0.010541324
0.8514488 0.032800645 0.115750566
0.7817301 0.02409189 0.194178
0.88708663 0.030646076 0.08226733
0.9313774 0.0075577167 0.0610649
0.8683917 0.018118817 0.113489494
0.9430501 0.014126095 0.042823855
0.7686107 0.014176493 0.2172128
0.78029764 0.03527528 0.18442704
0.9275455 0.018354755 0.054099817
0.9485441 0.020640573 0.030815398
0.95240545 0.01897372 0.02862083
0.9682634 0.010718726 0.021017937
0.21233043 0.03913164 0.7485379
0.93039286 0.006794868 0.062812254
0.5470539 0.117680766 0.33526537
0.96045935 0.0149555 0.024585048
0.8836259 0.019641826 0.096732214
0.7687153 0.018261245 0.21302347
0.5450227 0.07094222 0.38403502
0.13113515 0.14382733 0.72503746
0.2344657 0.03322411 0.7323102
0.6939228 0.0088876635 0.2971895
0.74909663 0.07103394 0.17986946
0.8941747 0.020925062 0.08490026
0.4264495 0.024528906 0.54902154
0.4047727 0.11806545 0.47716182
0.85070664 0.016776642 0.13251671
0.87172955 0.019392103 0.10887842
0.9204778 0.022958426 0.056563832
0.9204778 0.022958426 0.056563832
0.8632618 0.040043574 0.09669459
0.54237676 0.14793672 0.3096865
0.76477015 0.006119806 0.22910996
0.7785933 0.007848286 0.21355836
0.9801604 0.0037627982 0.016076729
0.87072146 0.011262589 0.11801593
0.7382507 0.0053049442 0.25644445
0.9367282 0.0011931432 0.062078673
0.7025952 0.05826249 0.23914225
0.67109585 0.036538016 0.29236615
0.65548337 0.034933597 0.30958304
0.39093918 0.019794071 0.5892667
0.9583441 0.014033218 0.027622761
0.94858474 0.015214433 0.036200836
0.91114146 0.032806985 0.056051522
0.8409808 0.01923722 0.139782
0.9271557 0.012213269 0.06063097
0.9485634 0.011969941 0.039466694
0.937597 0.013528539 0.04887443
0.98441505 0.0034622916 0.012122637
0.9919606 0.0027958725 0.005243499
0.9915474 0.002747067 0.005705512
0.9911068 0.0030496388 0.0058435914
0.89035547 0.024238383 0.085406125
0.7000403 0.0501379 0.24982178
0.22564855 0.035338428 0.73901296
0.9017729 0.04023305 0.057994045
0.9523166 0.014316279 0.03336711
0.84412384 0.015181439 0.14069472
0.42400676 0.020383878 0.55560935
0.30684155 0.018526658 0.67463183
0.6232177 0.0061524305 0.37062985
0.20176508 0.01048704 0.78774786
0.9291523 0.010456827 0.060390905
0.23544057 0.005445013 0.7591144
0.9550553 0.010246658 0.03469806
0.97127086 0.008589036 0.020140136
0.97124565 0.011400421 0.017353874
0.9585581 0.013099942 0.028342078
0.81011665 0.0651139 0.12476952
0.91142845 0.044137776 0.044433836
0.9383835 0.013458918 0.048157584
0.9756065 0.0051480196 0.019245608
0.6450027 0.053682223 0.30131507
0.9825612 0.0070724026 0.010366365
0.9875761 0.005957712 0.0064661163
0.99198055 0.0046516494 0.0033678913
0.9872853 0.004176862 0.008537835
0.95335937 0.0040934747 0.042547233
0.93700254 0.01879398 0.044203483
0.7320407 0.046849795 0.22110952
0.7795173 0.035186514 0.18529618
0.9453524 0.0086097885 0.046037897
0.9466931 0.008141528 0.045165278
0.8612532 0.029920276 0.108826466
0.98550606 0.0034391074 0.011054794
0.9619588 0.0055281906 0.03251296
0.9853483 0.004337 0.010314747
0.9535667 0.004390537 0.04204273
0.9739329 0.003452383 0.02261471
0.7394271 0.021224312 0.23934864
0.86166483 0.04380409 0.09453109
0.924306 0.024652071 0.05104191
0.8962076 0.026874356 0.07691801
0.9158265 0.009222482 0.07495105
0.951531 0.004535889 0.043933105
0.9852122 0.00501555 0.009772222
0.98464864 0.005354815 0.009996511
0.40292838 0.025302006 0.5717696
0.12845433 0.029199861 0.84234583
0.8012376 0.028820354 0.16994207
0.78964627 0.029183188 0.18117054
0.8796438 0.02757633 0.09277987
0.5002085 0.03221094 0.4675805
0.29526442 0.060185477 0.6445501
0.93493366 0.012332624 0.05273382
0.89791787 0.008856081 0.09322606
0.7099077 0.023531757 0.26656058
0.82209134 0.016382286 0.16152628
0.7372293 0.030378068 0.23239253
0.89568657 0.018181683 0.086131684
0.83493245 0.012519968 0.15254752
0.3624445 0.07695017 0.56060535
0.9165359 0.009562343 0.07390179
0.91363937 0.018873313 0.06748734
0.917997 0.021998564 0.06000441
0.7683547 0.042579785 0.18906552
0.9160611 0.0110459495 0.072892874
0.81208366 0.0335939 0.15432248
0.9406688 0.003189985 0.056141194
0.43821925 0.045732033 0.5160488
0.13592952 0.02176334 0.8423072
0.04128589 0.038484268 0.9202298
0.4129946 0.057515197 0.52949023
0.9120895 0.017210973 0.070699446
0.5398868 0.0036591862 0.45645404
0.43611443 0.035163183 0.52872235
0.981458 0.0036721407 0.014869816
0.9122081 0.007888963 0.07990305
0.7552557 0.016066618 0.2286776
0.9179381 0.01629045 0.0657714
0.9534379 0.012285073 0.034277044
0.9534379 0.012285073 0.034277044
0.92862207 0.018394273 0.052983623
0.9614271 0.0039969687 0.034575935
0.6871218 0.014641559 0.2982366
0.8281785 0.01287627 0.15894514
0.95630056 0.0113474885 0.032352045
0.8839054 0.019806 0.09628855
0.96236485 0.0086984625 0.028936645
0.9549569 0.017385624 0.027657488
0.931347 0.020354174 0.048298895
0.7877373 0.062144645 0.15011811
0.5756146 0.018463612 0.4059218
0.9527902 0.02132986 0.025879918
0.95684296 0.01984135 0.023315711
0.9806275 0.0017888193 0.017583786
0.6891506 0.12762049 0.18322892
0.11679536 0.13566102 0.74754363
0.053236626 0.03177138 0.914992
0.61845624 0.044911016 0.33663282
0.77503824 0.02888224 0.19607957
0.7999196 0.021364775 0.17871569
0.9508599 0.011198382 0.037941623
0.91063285 0.024830956 0.064536184
0.9203743 0.0076702754 0.071955316
0.9094666 0.009413244 0.081120074
0.91898054 0.0073115556 0.07370794
0.9086523 0.006480364 0.08486734
0.92983484 0.010171269 0.059993956
0.9643927 0.009503465 0.026103893
0.6395355 0.07144781 0.28901672
0.6098902 0.10850871 0.28160104
0.098712526 0.029154152 0.8721333
0.5804702 0.051612545 0.3679173
0.8935662 0.024186056 0.082247764
0.8207987 0.01676197 0.16243932
0.98145604 0.0021744017 0.016369546
0.9889368 0.00141958 0.009643537
0.9654299 0.007914316 0.026655858
0.9215419 0.00769668 0.07076144
0.9176633 0.013719466 0.06861723
0.9628889 0.012209351 0.024901709
0.97106284 0.0015402338 0.027396973
0.8421095 0.055525426 0.10236516
0.9352824 0.004039291 0.06067826
0.944458 0.005692685 0.049849313
0.9434002 0.013882327 0.042717498
0.9328671 0.013910234 0.053222593
0.918972 0.014241239 0.06678666
0.7529228 0.024544273 0.22253291
0.89362216 0.013657756 0.09272015
0.86662656 0.005414688 0.12795879
0.9899552 0.0041022813 0.005942521
0.98698646 0.0051526967 0.007860849
0.862621 0.005611097 0.13176793
0.7374321 0.037105273 0.22546268
0.56433994 0.06986601 0.36579415
0.88307875 0.008267593 0.108653694
0.56256396 0.008977614 0.42845845
0.8714773 0.008063045 0.12045958
0.9309243 0.0034219692 0.06565367
0.9633585 0.0062645664 0.030376868
0.07740416 0.09040958 0.8321862
0.90752006 0.013354267 0.0791257
0.898505 0.0123823155 0.089112595
0.65938663 0.027103845 0.3135095
0.8306726 0.07295962 0.09636779
0.7336416 0.036361024 0.22999743
0.1638814 0.047883566 0.788235
0.3743469 0.014277831 0.6113752
0.32005537 0.02542841 0.65451616
0.9049546 0.008088029 0.08695739
0.95209086 0.013211262 0.034697786
0.9450385 0.007469014 0.04749246
0.79563385 0.047503542 0.1568626
0.617955 0.10072224 0.28132272
0.7833079 0.035455305 0.18123682
0.22033864 0.047862332 0.73179907
0.8957348 0.019763168 0.08450212
0.9115362 0.01009924 0.07836459
0.85349256 0.028498229 0.118009165
0.85905415 0.041302092 0.099643774
0.92472667 0.017189959 0.05808331
0.7520468 0.015017121 0.23293597
0.96009785 0.014120143 0.025782079
0.94541353 0.007275164 0.04731132
0.5048346 0.100102566 0.3950628
0.87963736 0.026081845 0.09428082
0.65820605 0.05489081 0.28690317
0.7484658 0.04089725 0.21063697
0.94277483 0.014366197 0.042858943
0.89263797 0.008409828 0.0989522
0.062492523 0.009070281 0.9284372
0.6460346 0.075767115 0.27819836
0.394804 0.066022016 0.53917396
0.91565895 0.017856628 0.06648435
0.81796336 0.062011108 0.12002545
0.8993579 0.036046475 0.064595625
0.85234886 0.054838806 0.0928123
0.85759556 0.05601685 0.086387634
0.8587148 0.04442419 0.09686094
0.8872986 0.04550359 0.06719781
0.83956254 0.05319114 0.107246354
0.88899136 0.040529612 0.070479006
0.8527943 0.056596547 0.09060924
0.84452486 0.061903536 0.09357155
0.85862577 0.078912094 0.06246209
0.8870353 0.040795878 0.07216878
0.86824554 0.044420466 0.08733399
0.85851145 0.095303476 0.046185065
0.84444875 0.05322733 0.10232392
0.86043173 0.055150993 0.08441724
0.8894302 0.04998181 0.060587935
0.8364509 0.061321847 0.10222728
0.8867735 0.056450177 0.056776237
0.88824236 0.05667488 0.055082757
0.8803592 0.053096145 0.06654473
0.8620707 0.060536403 0.077392906
0.8851514 0.052575562 0.06227307
0.8616499 0.05648882 0.081861295
0.91854024 0.02448505 0.056974664
0.97180015 0.008280294 0.019919474
0.9256681 0.0123915635 0.06194039
0.7125839 0.016483026 0.2709331
0.9281575 0.013219975 0.05862252
0.9738157 0.007327278 0.018857129
0.9780214 0.007059343 0.014919232
0.97066057 0.013307894 0.016031463
0.9467166 0.0057007885 0.047582645
0.97725976 0.005560545 0.017179722
0.9598353 0.015316476 0.024848288
0.61619586 0.032437053 0.35136712
0.7272522 0.00783172 0.26491612
0.14269471 0.05382139 0.8034839
0.38339064 0.06470083 0.55190855
0.7247042 0.022161454 0.2531343
0.42729446 0.044917423 0.5277881
0.6927482 0.047164902 0.2600869
0.9469147 0.0085344035 0.04455098
0.67448705 0.025393093 0.30011985
0.90881795 0.04573054 0.04545151
0.9053822 0.041565463 0.053052347
0.31535476 0.054247424 0.6303978
0.83369064 0.04523868 0.12107069
0.8211569 0.07352193 0.10532117
0.91852623 0.013839662 0.067634076
0.9305739 0.01338426 0.056041777
0.96929693 0.003038641 0.02766442
0.647076 0.012757901 0.3401661
0.5874028 0.040642604 0.37195456
0.03466242 0.03702305 0.9283145
0.0486727 0.010800566 0.9405268
0.023850579 0.015952276 0.96019715
0.70058703 0.03191377 0.2674992
0.1428987 0.08564164 0.7714596
0.59224606 0.06619394 0.34156
0.73933136 0.043725196 0.21694346
0.17492607 0.023079326 0.80199456
0.5291982 0.03894304 0.43185878
0.06709844 0.037703086 0.8951985
0.941148 0.009993085 0.048858996
0.25674123 0.031459246 0.71179944
0.77480215 0.031746138 0.19345169
0.8610614 0.018903231 0.1200354
0.9180149 0.013353509 0.06863165
0.91630465 0.028738573 0.054956704
0.9465108 0.0052611167 0.048228066
0.795535 0.025671147 0.17879385
0.9284911 0.0064750854 0.065033846
0.8853566 0.008274883 0.106368475
0.9267561 0.0035004388 0.069743365
0.4311277 0.038934883 0.52993745
0.816032 0.03020094 0.15376706
0.35958356 0.06231232 0.57810414
0.5729073 0.10694557 0.32014698
0.7238981 0.03985647 0.23624545
0.2838115 0.08882713 0.6273614
0.7380042 0.005902643 0.25609314
0.22029139 0.025836574 0.753872
0.88741726 0.017514864 0.0950679
0.8547306 0.009498623 0.13577075
0.60240906 0.05396567 0.34362516
0.8712771 0.019545836 0.10917713
0.92761153 0.013962232 0.058426183
0.8915043 0.0054102642 0.10308545
0.9543572 0.0028980223 0.04274474
0.9161373 0.025463091 0.058399655
0.69098705 0.12683384 0.1821791
0.8845606 0.04345288 0.07198665
0.6800459 0.0063423347 0.3136118
0.8318864 0.0059727915 0.16214074
0.6716944 0.01059104 0.3177145
0.95096827 0.0060602543 0.042971488
0.9791864 0.0015295804 0.019283915
0.2099658 0.009068198 0.780966
0.1355403 0.013683047 0.8507766
0.20918298 0.014046915 0.77677006
0.97402275 0.002879966 0.023097288
0.14935072 0.021362571 0.8292867
0.75286096 0.0248735 0.22226557
0.92395693 0.003973732 0.072069265
0.72101027 0.011383678 0.267606
0.8343884 0.00439545 0.16121615
0.8343884 0.00439545 0.16121615
0.5058162 0.009104275 0.4850795
0.8317918 0.03320159 0.13500658
0.8047124 0.038363274 0.15692435
0.4190312 0.04195169 0.539017
0.7288008 0.12222294 0.14897627
0.7162485 0.051279217 0.23247227
0.70289314 0.050614953 0.24649186
0.5698243 0.06631015 0.36386558
0.8504411 0.035161685 0.114397265
0.88599426 0.015619351 0.09838636
0.9480557 0.0049694865 0.046974808
0.97626686 0.002875087 0.020858122
0.9570573 0.0029318812 0.04001084
0.65977025 0.01217254 0.3280572
0.64425963 0.012960666 0.34277976
0.6584071 0.011443091 0.33014983
0.9613205 0.0043215035 0.034357946
0.9809488 0.0021883145 0.016862968
0.573126 0.042805173 0.38406882
0.573126 0.042805173 0.38406882
0.8018574 0.013348678 0.18479392
0.8243869 0.033248235 0.14236487
0.80055505 0.022834798 0.17661022
0.7174226 0.036247652 0.24632974
0.48891938 0.030411895 0.48066872
0.42312577 0.022386037 0.5544882
0.004437685 0.01577757 0.9797847
0.1780334 0.01815045 0.8038161
0.05940454 0.005222948 0.93537253
0.96298105 0.005975867 0.031043133
0.15373327 0.021415014 0.8248517
0.19864865 0.0286613 0.77269
0.8279638 0.030457214 0.14157896
0.8458205 0.026862212 0.12731728
0.86820453 0.018486604 0.11330878
0.7101899 0.014943198 0.27486694
0.757829 0.014635584 0.22753544
0.8967065 0.013454414 0.08983908
0.93571067 0.008052192 0.05623711
0.6897693 0.019140424 0.29109025
0.29306662 0.031226546 0.6757068
0.88741726 0.017514864 0.0950679
0.89697665 0.04397085 0.05905261
0.8821645 0.031873316 0.08596225
0.9143517 0.041314173 0.044334084
0.9088609 0.04824381 0.042895257
0.9497563 0.017007086 0.03323655
0.6312701 0.12113221 0.2475976
0.9458843 0.012662322 0.04145344
0.97600627 0.007800826 0.016192887
0.9369426 0.012174876 0.050882574
0.93413574 0.009525158 0.056339044
0.768183 0.073298536 0.15851845
0.90889823 0.026582956 0.064518854
0.4241722 0.14042939 0.43539843
0.92816126 0.0059835105 0.06585524
0.92140687 0.015842397 0.0627508
0.71298623 0.0150242215 0.2719895
0.3970667 0.046981294 0.555952
0.25027576 0.07527492 0.6744493
0.78503495 0.0042493315 0.21071568
0.44138104 0.0042634946 0.5543554
0.93392617 0.008475812 0.057598088
0.6054755 0.030426374 0.3640981
0.80299705 0.023691826 0.17331114
0.6426543 0.016810339 0.3405354
0.5610678 0.031187205 0.407745
0.3940802 0.012186684 0.5937331
0.5662257 0.041969292 0.391805
0.70148003 0.059494164 0.23902576
0.2176456 0.017620666 0.7647338
0.6646094 0.084511615 0.25087902
0.1900703 0.035914384 0.77401537
0.56558216 0.0080925515 0.42632532
0.815971 0.015641509 0.1683875
0.82562226 0.022664968 0.1517127
0.4353878 0.020765057 0.54384714
0.87948585 0.018634116 0.101880044
0.8597192 0.04635573 0.093924984
0.33610058 0.018933097 0.64496624
0.03695111 0.04893873 0.9141102
0.1659139 0.05838567 0.77570045
0.56403023 0.0049495026 0.43102026
0.19290929 0.028780127 0.7783106
0.7533634 0.012140215 0.23449636
0.7172714 0.011628892 0.27109966
0.46077272 0.049816716 0.48941052
0.121896304 0.081564054 0.7965396
0.800812 0.005347309 0.1938407
0.8512468 0.02258861 0.12616469
0.78679395 0.010717595 0.2024885
0.91999185 0.0064310115 0.07357715
0.9294317 0.019698717 0.050869614
0.7662229 0.017845865 0.21593118
0.70104843 0.032084797 0.2668668
0.5311401 0.078205466 0.3906544
0.87332547 0.008232902 0.11844165
0.6965132 0.03136383 0.27212307
0.39116132 0.05005428 0.5587844
0.9576901 0.007043132 0.03526679
0.9894722 0.0022895199 0.008238334
0.83709687 0.021892749 0.14101034
0.9350091 0.0065825637 0.058408346
0.23753777 0.12480345 0.6376588
0.40971336 0.06786061 0.522426
0.65432155 0.02735789 0.3183205
0.9197335 0.011946124 0.06832033
0.83212787 0.038892407 0.1289797
0.7618478 0.029270561 0.20888168
0.30898237 0.018699298 0.67231834
0.94688785 0.010709092 0.0424031
0.9388313 0.01510855 0.04606018
0.55512166 0.010368476 0.43450987
0.59901386 0.019583728 0.38140246
0.8818059 0.008331026 0.109863095
0.7584489 0.016875472 0.22467564
0.7584489 0.016875472 0.22467564
0.6746577 0.03167149 0.29367086
0.40593928 0.031976145 0.5620846
0.44036797 0.018100703 0.5415313
0.538822 0.01402079 0.44715714
0.9494518 0.0018973793 0.04865077
0.88411194 0.018524734 0.09736328
0.42836887 0.10867086 0.46296033
0.7201839 0.032372076 0.24744397
0.9285351 0.014003858 0.057461113
0.9674248 0.0057959273 0.026779307
0.85428596 0.027736958 0.11797709
0.9194391 0.02665258 0.053908348
0.96343863 0.006927687 0.029633688
0.82925564 0.09257431 0.078170106
0.8189868 0.11692836 0.064084925
0.8329911 0.04672299 0.12028588
0.9421797 0.033911142 0.023909146
0.8981582 0.009137666 0.092704155
0.8369233 0.01581926 0.14725739
0.84617984 0.014788132 0.13903202
0.47586432 0.028676474 0.4954592
0.7880662 0.00849971 0.20343402
0.7743273 0.03115298 0.19451976
0.3658997 0.024819309 0.60928094
0.70280385 0.021693952 0.2755022
0.84640193 0.012778428 0.14081962
0.67546356 0.019902725 0.30463374
0.8865274 0.017700799 0.09577179
0.58860683 0.03305409 0.37833905
0.85553527 0.044616535 0.09984812
0.55653983 0.085118964 0.3583412
0.93374157 0.009378468 0.05687996
0.8643478 0.036057312 0.09959485
0.92163634 0.014746751 0.06361688
0.894102 0.029181035 0.076717
0.52806187 0.051295903 0.4206422
0.95591867 0.0062092333 0.037872065
0.07549677 0.06521742 0.8592858
0.22472881 0.0077822427 0.76748896
0.8789265 0.020007258 0.10106628
0.33845752 0.048836168 0.61270636
0.5389603 0.0059159286 0.4551238
0.80974597 0.0040891576 0.18616487
0.9031271 0.021291938 0.07558104
0.9571134 0.012886746 0.029999845
0.15809026 0.09892874 0.74298096
0.91859543 0.013721292 0.06768327
0.48349208 0.014725692 0.50178224
0.2600178 0.14031915 0.599663
0.89539886 0.010460578 0.09414049
0.79710865 0.021912232 0.18097909
0.6677406 0.016246574 0.31601286
0.7938455 0.06048206 0.1456725
0.9321729 0.027023852 0.04080333
0.9857597 0.004275385 0.009964824
0.8735825 0.053684983 0.072732575
0.9625613 0.017408203 0.020030549
0.7196895 0.01996273 0.26034775
0.49592993 0.007466206 0.49660394
0.66879696 0.01033397 0.32086906
0.36767128 0.0075006043 0.6248281
0.83264214 0.0076621184 0.1596958
0.6426866 0.0050504403 0.3522629
0.66589224 0.00472516 0.3293826
0.030390048 0.007847498 0.9617625
0.19921352 0.0026682985 0.7981182
0.13630104 0.0032790955 0.8604198
0.15783788 0.0046152384 0.8375469
0.30657655 0.027274117 0.6661493
0.29435557 0.05685023 0.6487942
0.04274809 0.006358844 0.95089304
0.04387474 0.008458767 0.94766647
0.052965123 0.009226592 0.9378083
0.029975729 0.020638062 0.94938624
0.81908786 0.011113283 0.16979882
0.83219856 0.0052552666 0.16254622
0.96608794 0.0029777628 0.030934336
0.9689623 0.0016413467 0.029396296
0.9047579 0.003115706 0.09212627
0.95028406 0.01475287 0.034962945
0.53508365 0.037542086 0.4273743
0.40224773 0.036415853 0.56133646
0.83496857 0.014033148 0.15099818
0.922242 0.01671403 0.06104392
0.79829615 0.012540583 0.18916328
0.6283615 0.023194676 0.34844384
0.58709246 0.03395558 0.378952
0.8189244 0.026640194 0.15443538
0.8910757 0.013888205 0.09503606
0.51666325 0.024665825 0.45867088
0.50872254 0.024815183 0.46646225
0.7110507 0.027585996 0.2613633
0.6859954 0.027175678 0.286829
0.93366754 0.0057929046 0.060539473
0.93366754 0.0057929046 0.060539473
0.8535501 0.011348959 0.13510099
0.8995915 0.0048362482 0.0955722
0.9181305 0.009880876 0.07198851
0.76799595 0.018728863 0.21327521
0.13614869 0.013589471 0.8502618
0.4724913 0.024674248 0.50283444
0.83965665 0.01689466 0.14344878
0.6596244 0.031222565 0.30915308
0.8375617 0.033252876 0.12918538
0.5744615 0.042148776 0.38338974
